aTest = 0.00365324
best a = 0.00335324 +/- 0.0003
b = 0.00829197
bestFitIdx = 25
chi2/ndf = 36.8477/19
